%YAML:1.0
---
model_type: PINHOLE
camera_name: camera
image_width: 1280 
image_height: 800
distortion_parameters:
   k1: 0
   k2: 0
   p1: 0
   p2: 0
projection_parameters:
   fx: 8.2769945098253527e+02
   fy: 8.2769945098253527e+02
   cx: 6.6393403625488281e+02
   cy: 4.5259116744995117e+02
