%YAML:1.0
---
model_type: PINHOLE
camera_name: camera
image_width: 640 
image_height: 400
distortion_parameters:
   k1: 0.0796772
   k2: -0.101232
   p1: -0.00268103
   p2: -0.00103588
projection_parameters:
   fx: 458.698
   fy: 458.118
   cx: 319.129
   cy: 223.708
