%YAML:1.0
---
model_type: PINHOLE
camera_name: camera
image_width: 640 
image_height: 400
distortion_parameters:
   k1: 0.041259170996792056
   k2: -0.05393552619292304
   p1: 0.000494684837717041
   p2: -5.0850237958218135e-05
projection_parameters:
   fx: 452.319969793733
   fy: 452.36119034745064
   cx: 325.5616318078523
   cy: 205.424004543771
