%YAML:1.0
---
model_type: PINHOLE
camera_name: camera
image_width: 640 
image_height: 400
distortion_parameters:
   k1: 0
   k2: 0
   p1: 0
   p2: 0
projection_parameters:
   fx: 4.9192896209865114e+02
   fy: 4.9192896209865114e+02
   cx: 3.2796942901611328e+02
   cy: 2.1781097984313965e+02
