%YAML:1.0
---
model_type: PINHOLE
camera_name: camera
image_width: 1280
image_height: 720
distortion_parameters:
   k1: 0.0
   k2: 0.0
   p1: 0.0
   p2: 0.0
projection_parameters:
   fx: 832.2688598632812
   fy: 835.7731323242188
   cx: 625.9611206054688
   cy: 354.8282775878906
