%YAML:1.0
---
model_type: PINHOLE
camera_name: camera
image_width: 1280
image_height: 720
distortion_parameters:
   k1: 0.0
   k2: 0.0
   p1: 0.0
   p2: 0.0
projection_parameters:
   fx: 841.0867309570312
   fy: 844.6397705078125
   cx: 617.4251708984375
   cy: 354.2491760253906
